89
0 10 14 9
1 10 14 7
2 10 14 4
3 10 14 3
4 10 14 8
5 10 14 4
6 10 14 10
7 10 14 4
8 10 14 8
9 10 14 3
10 10 14 8
11 10 14 4
12 10 14 2
13 10 14 7
14 10 14 2
15 10 14 3
16 10 14 5
17 10 14 3
18 10 14 8
19 10 14 1
20 10 14 4
21 10 14 6
22 10 14 7
23 10 14 8
24 10 14 7
25 10 14 5
26 10 14 6
27 10 14 4
28 10 14 7
29 10 14 7
30 10 14 3
31 10 14 5
32 10 14 7
33 10 14 8
34 10 14 9
35 10 14 3
36 10 14 6
37 10 14 8
38 10 14 5
39 10 14 1
40 10 14 5
41 7 7 5
42 7 7 5
43 37 225 5
44 18 113 4
45 31 240 8
46 34 36 2
47 29 36 4
48 53 765 5
49 53 765 1
50 71 81 7
51 29 36 9
52 34 36 10
53 34 36 1
54 77 265 2
55 77 265 8
56 77 265 3
57 37 210 8
58 37 210 4
59 18 113 10
60 37 210 2
61 22 210 8
62 54 68 10
63 34 36 7
64 54 68 10
65 245 280 9
66 22 210 6
67 37 210 4
68 37 210 5
69 37 210 4
70 18 113 6
71 12 210 6
72 12 210 3
73 37 216 3
74 37 216 5
75 37 210 3
76 37 210 8
77 37 210 5
78 37 210 3
79 56 59 2
80 37 225 7
81 37 225 8
82 37 225 2
83 64 266 5
84 370 612 9
85 37 225 10
86 37 210 3
87 37 210 10
88 37 210 1