419
0 4 6 1
1 4 6 3
2 4 6 10
3 4 6 9
4 10 14 8
5 10 14 5
6 10 14 1
7 10 14 4
8 10 14 7
9 10 14 9
10 10 14 6
11 10 14 6
12 10 14 6
13 10 14 2
14 10 14 8
15 10 14 2
16 10 14 7
17 10 14 8
18 10 14 4
19 10 14 2
20 10 14 6
21 10 14 4
22 10 14 6
23 10 14 5
24 10 14 8
25 10 14 3
26 10 14 9
27 10 14 3
28 10 14 2
29 10 14 10
30 10 14 3
31 10 14 4
32 10 14 3
33 10 14 8
34 10 14 10
35 10 14 7
36 10 14 1
37 10 14 5
38 10 14 9
39 10 14 4
40 10 14 7
41 10 14 8
42 10 14 1
43 10 14 4
44 10 14 6
45 10 14 5
46 10 14 4
47 10 14 2
48 10 14 9
49 10 14 4
50 10 14 7
51 10 14 9
52 10 14 10
53 10 14 1
54 10 14 5
55 10 14 3
56 10 14 6
57 10 14 2
58 10 14 5
59 10 14 1
60 10 14 1
61 10 14 8
62 10 14 10
63 10 14 6
64 10 14 10
65 10 14 8
66 10 14 3
67 10 14 7
68 10 14 1
69 10 14 9
70 10 14 6
71 10 14 8
72 10 14 5
73 10 14 1
74 10 14 1
75 10 14 10
76 10 14 9
77 10 14 6
78 10 14 10
79 10 14 2
80 10 14 5
81 10 14 7
82 10 14 6
83 10 14 6
84 10 14 10
85 10 14 7
86 10 14 2
87 10 14 3
88 10 14 2
89 10 14 1
90 10 14 10
91 10 14 7
92 10 14 8
93 10 14 9
94 10 14 10
95 10 14 2
96 10 14 1
97 10 14 5
98 10 14 4
99 10 14 10
100 10 14 4
101 10 14 7
102 10 14 8
103 10 14 10
104 10 14 7
105 10 14 9
106 10 14 7
107 10 14 9
108 10 14 8
109 10 14 2
110 10 14 3
111 10 14 7
112 10 14 8
113 10 14 1
114 10 14 3
115 10 14 7
116 10 14 2
117 10 14 8
118 10 14 2
119 10 14 4
120 10 14 5
121 10 14 8
122 10 14 1
123 10 14 5
124 10 14 9
125 10 14 9
126 10 14 6
127 10 14 7
128 10 14 6
129 10 14 2
130 10 14 7
131 10 14 2
132 10 14 8
133 10 14 2
134 10 14 10
135 10 14 1
136 10 14 3
137 10 14 4
138 10 14 1
139 10 14 9
140 10 14 4
141 10 14 5
142 10 14 3
143 10 14 4
144 10 14 6
145 10 14 1
146 10 14 4
147 10 14 3
148 10 14 5
149 10 14 3
150 10 14 10
151 10 14 5
152 10 14 7
153 10 14 5
154 10 14 9
155 10 14 9
156 10 14 2
157 10 14 3
158 10 14 3
159 10 14 1
160 10 14 9
161 10 14 2
162 10 14 4
163 10 14 9
164 10 14 4
165 10 14 7
166 10 14 6
167 10 14 6
168 10 14 4
169 10 14 9
170 10 14 3
171 10 14 8
172 10 14 6
173 10 14 2
174 10 14 3
175 10 14 6
176 10 14 9
177 10 14 9
178 10 14 6
179 10 14 7
180 10 14 5
181 10 14 9
182 10 14 1
183 10 14 5
184 10 14 3
185 10 14 1
186 10 14 6
187 10 14 4
188 10 14 5
189 10 14 1
190 10 14 2
191 10 14 6
192 10 14 9
193 10 14 4
194 10 14 4
195 10 14 2
196 10 14 10
197 10 14 4
198 10 14 4
199 10 14 4
200 10 14 4
201 10 14 9
202 10 14 8
203 10 14 2
204 10 14 9
205 10 14 5
206 10 14 3
207 10 14 6
208 10 14 7
209 10 14 2
210 10 14 3
211 10 14 8
212 10 14 8
213 10 14 10
214 10 14 4
215 10 14 2
216 10 14 7
217 10 14 9
218 10 14 9
219 10 14 8
220 10 14 5
221 10 14 1
222 10 14 9
223 10 14 7
224 10 14 2
225 10 14 2
226 10 14 1
227 10 14 8
228 10 14 5
229 10 14 4
230 10 14 6
231 10 14 8
232 10 14 8
233 10 14 6
234 10 14 5
235 10 14 8
236 10 14 1
237 10 14 9
238 10 14 2
239 10 14 1
240 10 14 10
241 10 14 3
242 10 14 2
243 10 14 1
244 10 14 5
245 10 14 10
246 10 14 9
247 10 14 6
248 10 14 5
249 10 14 6
250 10 14 9
251 10 14 6
252 10 14 7
253 10 14 2
254 10 14 3
255 10 14 2
256 10 14 2
257 10 14 3
258 10 14 6
259 10 14 1
260 10 14 6
261 10 14 6
262 10 14 4
263 10 14 3
264 10 14 6
265 10 14 3
266 10 14 2
267 10 14 6
268 10 14 6
269 10 14 5
270 10 14 7
271 10 14 1
272 10 14 9
273 10 14 1
274 10 14 8
275 10 14 3
276 10 14 2
277 10 14 5
278 10 14 5
279 10 14 6
280 10 14 7
281 10 14 7
282 10 14 5
283 10 14 3
284 10 14 10
285 10 14 5
286 10 14 4
287 10 14 7
288 10 14 3
289 10 14 7
290 10 14 8
291 10 14 6
292 10 14 1
293 10 14 5
294 10 14 2
295 10 14 8
296 10 14 10
297 10 14 4
298 10 14 6
299 10 14 3
300 10 14 2
301 10 14 10
302 10 14 10
303 10 14 7
304 10 14 6
305 10 14 5
306 10 14 1
307 10 14 9
308 10 14 7
309 10 14 7
310 10 14 2
311 10 14 10
312 10 14 3
313 10 14 6
314 10 14 6
315 10 14 10
316 10 14 10
317 10 14 10
318 7 7 9
319 7 7 3
320 44 104 6
321 31 92 6
322 44 213 5
323 44 213 1
324 29 35 2
325 42 760 1
326 29 35 8
327 42 760 6
328 29 35 9
329 42 760 3
330 29 35 4
331 42 760 7
332 29 35 5
333 42 760 6
334 29 35 6
335 71 81 2
336 42 760 2
337 29 36 8
338 42 760 7
339 29 35 3
340 42 760 2
341 29 36 4
342 45 774 8
343 29 34 9
344 71 81 7
345 45 774 6
346 44 92 5
347 33 33 7
348 64 67 2
349 230 90 6
350 33 33 8
351 230 90 2
352 33 33 1
353 230 89 7
354 33 33 5
355 230 90 2
356 33 33 6
357 64 67 3
358 230 89 3
359 33 33 2
360 230 90 7
361 33 33 8
362 230 90 1
363 33 33 5
364 230 90 9
365 33 33 8
366 64 66 10
367 230 90 5
368 33 32 4
369 230 90 6
370 33 32 9
371 230 90 8
372 33 33 1
373 230 90 8
374 33 33 10
375 64 66 3
376 230 90 6
377 33 33 1
378 230 90 5
379 33 33 10
380 230 90 1
381 33 33 2
382 230 90 2
383 33 33 1
384 64 66 6
385 230 90 9
386 33 33 5
387 230 90 3
388 33 33 4
389 230 90 9
390 33 33 1
391 230 90 1
392 33 33 4
393 64 66 9
394 230 90 8
395 33 33 6
396 230 90 5
397 33 33 6
398 230 90 3
399 33 33 4
400 230 90 9
401 33 33 5
402 64 66 2
403 230 90 10
404 33 33 6
405 230 90 3
406 33 33 10
407 230 90 4
408 33 33 2
409 230 90 8
410 33 33 9
411 64 66 3
412 230 90 7
413 33 33 10
414 230 90 6
415 33 33 1
416 230 90 3
417 33 33 4
418 230 90 9